16 8 21
4 4 1 7 8 5 1 8 2 2 4 3 4 4 5 6 3 6 8 8 5
101041 100056 98163 251857 147157 102531 49720 199459
983546 45562 45955 45604 45825 47560 45975 45435 45784 45795 46593 46825 46145 47215 45687 47428 46058 45488 47315 47123 46042 46999
997976 48002 48209 48177 48364 46787 47695 48086 46943 47479 46153 47101 46711 47462 47763 46927 48357 46433 47898 46189 47177 46535
990339 45910 45950 46150 45829 47408 47343 47597 46666 47469 46615 47732 47897 47355 47778 46377 47074 47027 47444 47483 47484 46086
997959 47172 47074 47185 48071 48402 48411 47277 47283 47295 47235 46215 46858 47948 48160 47246 46420 47427 46184 46574 46836 48389
957446 45053 45651 46417 44935 46453 45440 45326 44969 45075 44739 45316 44754 44977 44291 44813 45146 46009 45659 44367 44333 45303
983434 45669 46144 45659 47217 47079 47345 47413 45545 45448 45641 47206 47391 46553 47385 45879 45941 47035 47699 45640 47208 45606
978751 45919 45762 45792 45322 45932 46867 47128 47447 45463 45803 47208 46490 45640 45371 45934 46445 46230 46435 46779 46607 47395
979384 46168 46085 47343 46376 46871 47251 46802 47309 46944 46817 46374 46618 45966 45737 46353 47033 46990 46703 45878 45598 46560
981857 47689 46363 45709 46666 46092 46870 47036 47341 47583 45973 47233 46626 45459 45431 46690 47648 46892 47660 47139 45791 47022
971834 45679 46614 45975 45520 45143 46917 46657 46715 45109 45567 45837 45767 46564 47052 45681 45622 46523 47200 45565 45923 45153
998743 46452 46461 46306 46539 47190 48287 48110 46965 47694 46851 47734 47327 47087 48345 47428 48006 46389 48272 48158 46509 47738
996710 47460 46326 46524 47825 46964 47691 47706 46945 46403 46733 46661 47700 46607 46834 46902 46975 47262 47259 47712 47211 46470
993160 45933 46470 46297 46989 47929 46842 48025 46519 46119 47605 47404 46599 48210 48226 46387 46993 47960 47117 45937 46197 46939
961993 45196 45856 44553 45568 44901 44668 44496 44732 45837 46492 45468 46408 45069 45811 46594 46686 46014 46266 44631 45209 45725
960292 46022 46624 45033 46150 44456 45289 44727 46594 44511 46207 46639 46557 45073 45743 44589 46101 46606 45411 44406 44423 45914
967727 45564 46251 45774 45434 45038 46074 44808 46289 46573 46138 44802 46750 45569 44715 46887 46030 44932 45058 44807 44931 46047
